-0.205916628241539
0.1723928600549698
0.06460956484079361
-0.04379298537969589
-0.004886390175670385
-0.08077885210514069
-0.008918522857129574
-0.06696701049804688
0.15536746382713318
-0.07035380601882935
0.2644546627998352
-0.00942771602421999
-0.1948738396167755
-0.1697719842195511
-0.0077077727764844894
0.10051725804805756
-0.2055959701538086
-0.13106493651866913
-0.05547817051410675
-0.06832542270421982
0.04248974844813347
0.06258814036846161
0.08386851102113724
0.037003472447395325
-0.13648676872253418
-0.3455847501754761
-0.04312644898891449
-0.123906709253788
0.010245864279568195
-0.07567861676216125
-0.029912631958723068
0.059615347534418106
-0.19763606786727905
-0.07770119607448578
-0.014972357079386711
0.10562434792518616
0.039256926625967026
0.0757070779800415
0.16897010803222656
-0.0038727866485714912
-0.14699311554431915
-0.039188746362924576
0.06519720703363419
0.32562732696533203
0.1729334145784378
0.05786065012216568
-0.01330495998263359
-0.0025492049753665924
0.044212762266397476
-0.23902571201324463
0.028476880863308907
0.10587140917778015
0.1543983519077301
0.020091790705919266
0.06075199320912361
-0.17539507150650024
0.0015777824446558952
0.010318584740161896
-0.13976232707500458
0.06565902382135391
0.0246681310236454
-0.10596330463886261
-0.005837155040353537
0.030996188521385193
0.2921884059906006
0.05284785479307175
-0.12813632190227509
-0.03895954787731171
0.13307000696659088
-0.12565261125564575
-0.004201045259833336
0.12368030846118927
-0.06080447509884834
-0.14986203610897064
-0.2923140227794647
0.034842588007450104
0.38312503695487976
0.08595720678567886
-0.15815788507461548
0.00837792456150055
-0.13979148864746094
-0.022517507895827293
0.004370882175862789
0.028751393780112267
-0.21165397763252258
0.10853449255228043
-0.1726498305797577
0.05501364916563034
0.20072874426841736
0.03454749286174774
-0.06580043584108353
0.22684338688850403
0.021534722298383713
0.071274034678936
0.08309976011514664
0.019945453852415085
-0.029135702177882195
-0.06374417990446091
-0.13164648413658142
0.02201460301876068
0.05599016323685646
-0.2179863452911377
-0.055968306958675385
0.08552258461713791
-0.21892040967941284
0.06241501122713089
0.015438486821949482
-0.03260352462530136
-0.05621401593089104
0.08417396247386932
-0.09678385406732559
-0.05024372786283493
0.1340799182653427
-0.24936343729496002
0.18314871191978455
0.22054868936538696
0.03734639286994934
0.1981629729270935
0.07739222049713135
0.03488851711153984
-0.05457717925310135
-0.03269444406032562
-0.032082248479127884
-0.09537354111671448
0.05542921647429466
-0.04902084544301033
0.15153861045837402
0.06916367262601852
