-0.10173258930444717
0.10458885133266449
0.052220508456230164
-0.04271493852138519
0.06815933436155319
-0.08505356311798096
-0.02520344965159893
0.010596798732876778
0.17026053369045258
0.03438732773065567
0.18836915493011475
-0.01978222280740738
-0.18638217449188232
-0.11751888692378998
0.009124781005084515
0.035884395241737366
-0.14534324407577515
-0.08741175383329391
-0.12485019862651825
-0.04187607020139694
0.06455990672111511
0.07222513854503632
0.04357319325208664
0.1196514442563057
-0.19474241137504578
-0.3144051730632782
0.017363665625452995
-0.19955480098724365
-0.0059356968849897385
-0.15066587924957275
-0.037190262228250504
0.06319005787372589
-0.19152933359146118
-0.06882040947675705
-0.0801590159535408
0.10854475200176239
0.039332468062639236
-0.002986295148730278
0.15225009620189667
0.04626725986599922
-0.16895544528961182
0.003653758205473423
-0.00982428528368473
0.25888118147850037
0.25726383924484253
0.031507499516010284
0.02264397218823433
-0.03225947916507721
0.10689437389373779
-0.23218628764152527
0.04828431084752083
0.09309981018304825
0.13724453747272491
0.030612798407673836
0.12971782684326172
-0.1913304179906845
-0.00954000186175108
-0.012200434692203999
-0.1796322911977768
0.03683558851480484
-0.05337652936577797
0.01205016765743494
0.0005863029509782791
-0.014973079785704613
0.13722729682922363
0.024497611448168755
-0.0486900694668293
-0.04314315319061279
0.15367011725902557
-0.17894384264945984
-0.028159335255622864
0.16664814949035645
-0.013738841749727726
-0.1738046109676361
-0.23958642780780792
0.04257038235664368
0.3419398367404938
0.1334020048379898
-0.239219069480896
0.07602373510599136
-0.13650013506412506
-0.10643745958805084
0.02501554600894451
-0.04337158799171448
-0.12517111003398895
0.11050485074520111
-0.16232511401176453
0.034502413123846054
0.1987190842628479
0.062395066022872925
0.003099583089351654
0.19597452878952026
0.021336691454052925
0.010016086511313915
0.10496576130390167
-0.005650901701301336
-0.10328369587659836
0.06166329234838486
-0.13575944304466248
-0.02117306739091873
0.10468518733978271
-0.12550750374794006
-0.04671269655227661
0.013180545531213284
-0.2110808789730072
0.13359849154949188
0.06082754582166672
-0.06706730276346207
-0.009041255339980125
0.07620885223150253
-0.13401642441749573
-0.021422749385237694
0.2120964527130127
-0.23618406057357788
0.12980061769485474
0.12926554679870605
0.03977609798312187
0.15928788483142853
0.049108024686574936
0.07539503276348114
-0.0506778284907341
-0.012997481971979141
-0.13331012427806854
-0.06420908123254776
0.07820172607898712
-0.012136084027588367
0.09193199872970581
0.07020377367734909
