-0.16094863414764404
0.13144177198410034
0.04648779332637787
-0.027959289029240608
-0.061875369399785995
-0.0798792913556099
-0.04792534559965134
-0.0836932361125946
0.1343517154455185
-0.07516201585531235
0.2786271274089813
0.043221551924943924
-0.13073110580444336
-0.19649648666381836
0.019943447783589363
0.10589276999235153
-0.14812269806861877
-0.1800462007522583
-0.029355159029364586
-0.05580905079841614
0.054262157529592514
-0.09165439754724503
0.0096020782366395
0.05637228488922119
-0.20154860615730286
-0.30408141016960144
-0.06966321915388107
-0.14896546304225922
0.12393695116043091
-0.14456459879875183
0.024517370387911797
-0.014610963873565197
-0.19169536232948303
-0.025204818695783615
-0.01646088995039463
0.07817010581493378
0.0010120505467057228
-0.022854376584291458
0.21092449128627777
-0.07317156344652176
-0.13422010838985443
-0.040015313774347305
0.015741804614663124
0.2352953851222992
0.2150142639875412
0.030045071616768837
0.08621922135353088
-0.06668376922607422
0.11120704561471939
-0.18989373743534088
0.07897531986236572
0.10327260941267014
0.11960740387439728
0.06876493245363235
0.03475060313940048
-0.17334997653961182
0.016443459317088127
0.09811443090438843
-0.16204284131526947
0.043702442198991776
0.0071177976205945015
-0.04590162634849548
-0.09085659682750702
0.0007525380933657289
0.306428462266922
0.0932144969701767
-0.1249016523361206
-0.1018899530172348
0.2116239219903946
-0.12869954109191895
-0.006067672278732061
0.08679354190826416
-0.12495109438896179
-0.11260458827018738
-0.2680834233760834
0.0624125674366951
0.4040057957172394
0.13664333522319794
-0.1712108850479126
0.03028019331395626
-0.13610178232192993
0.01653464324772358
-0.00621824013069272
0.021902386099100113
-0.14492760598659515
-0.04022301733493805
-0.1090979129076004
0.06448670476675034
0.1886753886938095
0.03356606885790825
-0.007880263030529022
0.114137664437294
0.018726643174886703
0.06978145986795425
-0.0013571670278906822
-0.03270024061203003
-0.08495862782001495
-0.023342594504356384
-0.037954412400722504
-0.04542161524295807
0.05157862603664398
-0.033214982599020004
0.030495425686240196
0.16099587082862854
-0.16236057877540588
0.13895519077777863
0.020394012331962585
0.02055034600198269
0.007118387147784233
0.09826907515525818
-0.06334903091192245
-0.07322535663843155
0.08818349987268448
-0.20767049491405487
0.25514358282089233
0.16510234773159027
0.07623493671417236
0.11874385178089142
0.08660195022821426
0.0665031224489212
-0.01992357149720192
-0.008764250203967094
-0.13054494559764862
0.008578125387430191
0.025321483612060547
-0.09291335940361023
0.11255025118589401
0.020980674773454666
