-0.16066046059131622
0.1316942274570465
0.10365758836269379
-0.047691747546195984
-0.013031945563852787
-0.09234024584293365
0.0038567278534173965
-0.06298545747995377
0.1348237246274948
-0.06177746132016182
0.26905357837677
-0.03089924529194832
-0.17981518805027008
-0.14109119772911072
-0.025926847010850906
0.10612253099679947
-0.1688515841960907
-0.1153055801987648
-0.06452488154172897
-0.1143256425857544
0.02595493756234646
0.07904132455587387
0.08413966000080109
0.034381721168756485
-0.11399905383586884
-0.32498693466186523
-0.04621448367834091
-0.10469584912061691
0.046047620475292206
-0.022523146122694016
-0.027541818097233772
0.09208768606185913
-0.22044092416763306
-0.08936973661184311
0.0033759111538529396
0.10504499077796936
0.015145014971494675
0.06398559361696243
0.15235744416713715
0.05999646708369255
-0.1284622848033905
-0.0591854564845562
0.0287197045981884
0.3220239281654358
0.19988781213760376
0.05868130177259445
-0.011825254186987877
0.004268105141818523
0.018782388418912888
-0.2229672521352768
0.04139113426208496
0.10658811777830124
0.15218472480773926
0.0364067405462265
0.04504987224936485
-0.18999192118644714
0.01910332217812538
0.029491737484931946
-0.14048540592193604
0.08164762705564499
-0.0008047930896282196
-0.1762416809797287
0.007541663013398647
0.03141992911696434
0.288666307926178
0.03473387658596039
-0.08608121424913406
-0.07317861914634705
0.1862899512052536
-0.10071733593940735
0.004712875932455063
0.15292656421661377
-0.08118724822998047
-0.11978494375944138
-0.2877451181411743
0.05379309877753258
0.3950878083705902
0.09270362555980682
-0.179612398147583
0.0025418302975594997
-0.15046261250972748
0.0008797068148851395
0.03804578632116318
0.046535518020391464
-0.1430014669895172
0.07434346526861191
-0.18735097348690033
-0.0017263507470488548
0.17225328087806702
-0.008475846610963345
-0.11698505282402039
0.22291415929794312
-0.011597467586398125
0.06040950119495392
0.09894100576639175
-0.006766905076801777
-0.06274047493934631
-0.04604627937078476
-0.14106199145317078
-0.05854392424225807
0.04045242443680763
-0.1906035989522934
-0.05870170146226883
0.07746502012014389
-0.1889355331659317
0.06832695007324219
0.0006206072866916656
-0.03522251173853874
-0.06641409546136856
0.03556794673204422
-0.07620394229888916
-0.05844206362962723
0.1538274735212326
-0.23597949743270874
0.19538627564907074
0.22113707661628723
0.043450891971588135
0.2180793136358261
0.08440622687339783
0.04564810171723366
-0.049523741006851196
-0.05175234377384186
-0.01618243008852005
-0.07941530644893646
0.038917023688554764
-0.03472072631120682
0.13883313536643982
0.07059284299612045
