-0.20294609665870667
0.05911439657211304
0.010328948497772217
-0.030095621943473816
-0.032379671931266785
-0.08665280044078827
-0.032776057720184326
-0.10436271131038666
0.15785689651966095
-0.10262298583984375
0.23774629831314087
-0.07523989677429199
-0.14899788796901703
-0.12616492807865143
-0.055860485881567
0.09491674602031708
-0.13638050854206085
-0.13541769981384277
-0.05116216838359833
-0.13132980465888977
0.01967029646039009
0.028830070048570633
0.07853370159864426
0.06041441857814789
-0.15368381142616272
-0.3586564064025879
-0.09964726120233536
-0.1391313523054123
0.04411967843770981
-0.04812831059098244
-0.03211318328976631
0.09879716485738754
-0.2126310020685196
-0.07060330361127853
0.034598350524902344
0.1543819010257721
0.02194083482027054
0.057928744703531265
0.18584036827087402
0.031539153307676315
-0.12445066124200821
-0.04137623682618141
0.0318421944975853
0.30804240703582764
0.1488337367773056
0.04326067864894867
-0.025201011449098587
-0.04063780605792999
0.09493347257375717
-0.20700080692768097
0.10138513147830963
0.11155926436185837
0.1391904354095459
0.009247071109712124
0.12181147933006287
-0.12304696440696716
0.028237443417310715
0.04752737283706665
-0.13832712173461914
0.051042746752500534
0.013810839504003525
-0.07678957283496857
-0.018270280212163925
-0.003349556587636471
0.24365770816802979
0.09276159107685089
-0.07619332522153854
-0.06730161607265472
0.16112852096557617
-0.12556146085262299
0.06299840658903122
0.14436647295951843
-0.054452985525131226
-0.17012637853622437
-0.253677099943161
0.08245208114385605
0.468757688999176
0.10499634593725204
-0.14688336849212646
0.04815656319260597
-0.08769423514604568
-0.06555833667516708
0.08942598849534988
0.01701122522354126
-0.16734157502651215
0.07435904443264008
-0.13632260262966156
0.03759893774986267
0.18157713115215302
0.01103568822145462
-0.07502146810293198
0.18830184638500214
-0.03773459047079086
0.08394543081521988
0.1231335923075676
0.0039877379313111305
-0.09070980548858643
-0.04733499884605408
-0.10664913058280945
-0.018776174634695053
0.05305686593055725
-0.16269327700138092
-0.05317923426628113
0.02238764613866806
-0.162576824426651
0.048108674585819244
-0.008048138581216335
-0.06220036372542381
-0.06508518755435944
0.05032975226640701
-0.12043290585279465
-0.05929380655288696
0.12763191759586334
-0.2839083671569824
0.15277768671512604
0.13364383578300476
0.0016024336218833923
0.23392727971076965
0.0845794603228569
0.046181030571460724
-0.02498067542910576
-0.028891729190945625
-0.028788644820451736
-0.06504473090171814
0.06958374381065369
-0.01451329980045557
0.08845642954111099
0.02102348580956459
